  0
  0
  0
  0
  7
 15
 31
 62
125
251
247
238
221
187
119
239
223
191
126
253
250
245
234
212
169
 82
165
 75
150
 45
 90
181
106
213
171
 86
172
 89
179
103
206
156
 57
114
228
201
147
 38
 76
153
 50
100
200
145
 34
 69
139
 23
 46
 92
184
113
226
196
136
 17
 35
 71
143
 30
 60
121
242
229
203
151
 47
 94
188
120
240
225
194
133
 10
 20
 40
 81
163
 70
141
 26
 53
107
215
175
 95
190
124
249
243
231
207
158
 61
123
246
236
217
178
101
202
149
 43
 87
174
 93
186
117
235
214
173
 91
183
110
220
185
115
230
205
154
 52
105
211
166
 77
155
 54
109
218
180
104
209
162
 68
137
 19
 39
 78
157
 59
118
237
219
182
108
216
176
 97
195
135
 14
 29
 58
116
233
210
164
 73
146
 36
 72
144
 32
 65
130
  5
 11
 22
 44
 88
177
 99
199
142
 28
 56
112
224
192
129
  3
  6
 13
 27
 55
111
222
189
122
244
232
208
160
 64
128
  1
  2
  4
  9
 18
 37
 74
148
 41
 83
167
 79
159
 63
127
255
254
252
248
241
227
198
140
 24
 49
 98
197
138
 21
 42
 85
170
 84
168
 80
161
 66
132
  8
 16
 33
 67
134
 12
 25
 51
102
204
152
 48
 96
193
131
  7
 15
 31
 62
125
251
