00
00
00
00
00
00
00
00
00
00
00
00
00
00
00
00
00
00
00
00
00
00
00
00
00
00
00
00
00
00
00
00
00
00
00
00
00
00
00
00
00
00
00
00
00
00
00
00
00
00
00
00
00
00
00
00
00
00
00
00
00
00
00
00
00
00
00
00
00
00
00
00
00
00
00
00
00
00
00
00
00
00
00
00
00
00
00
00
00
00
00
00
00
00
00
00
00
00
00
00
00
00
00
00
00
00
00
00
00
00
00
00
00
00
00
00
00
00
00
00
00
00
00
00
00
00
00
00
00
00
00
00
00
00
00
00
00
00
00
00
00
00
00
00
00
00
00
00
00
00
00
00
00
00
00
00
00
00
00
00
00
00
00
00
00
00
00
00
00
00
00
00
00
00
00
00
00
00
00
00
00
00
00
00
00
00
00
00
00
00
00
00
00
00
00
00
00
00
00
00
00
00
00
00
00
00
00
00
00
00
00
00
00
00
00
00
00
00
00
00
00
00
00
00
1E
1E
1E
1E
1E
1F
1F
1F
1F
1F
1F
00
00
00
00
00
00
00
00
00
00
00
00
00
00
00
00
00
00
00
00
00
00
00
00
00
00
00
00
00
00
00
00
00
00
00
00
00
00
00
00
00
00
00
00
00
00
00
00
00
00
00
00
1E
1E
1E
1E
1E
9E
DE
FF
FF
FF
BF
1F
1F
0F
0F
00
00
00
00
00
00
00
00
00
00
00
00
00
00
00
00
00
00
00
00
00
00
00
00
00
00
00
00
00
00
00
00
00
00
00
00
00
00
00
00
00
00
00
00
00
00
00
1C
1C
1E
1E
1E
1E
1E
9E
DF
DF
FF
6F
6F
6F
AF
0F
0F
0F
00
00
00
00
00
00
00
00
00
00
00
00
00
00
00
00
00
00
00
00
00
00
00
00
00
00
00
00
00
00
00
00
00
00
00
00
00
00
00
00
00
00
00
00
00
1E
1E
1E
1E
1E
3F
1F
1F
1E
0A
9F
DF
8F
06
07
4F
0F
0F
0F
0F
0F
00
00
00
00
00
00
00
00
00
00
00
00
00
00
00
00
00
00
00
00
00
00
00
00
00
00
00
00
00
00
00
00
00
00
00
00
00
00
00
00
00
1E
1E
9F
1E
1E
1E
3E
3E
1F
1D
1D
08
00
12
92
97
0F
5F
1F
1F
0F
0F
0F
0F
00
00
00
00
00
00
00
00
00
00
00
00
00
00
00
00
00
00
00
00
00
00
00
00
00
00
00
00
00
00
00
00
00
00
00
00
00
00
00
1E
3E
FF
FF
1E
1E
3E
3E
3F
7F
3F
1D
01
0B
08
00
12
16
4F
7F
2F
0F
0F
0F
0F
0F
00
00
00
00
00
00
00
00
00
00
00
00
00
00
00
00
00
00
00
00
00
00
00
00
00
00
00
00
00
00
00
00
00
00
00
00
00
1E
3E
FF
FF
7E
3E
0C
7E
7E
7E
FF
FF
FF
0F
07
9F
9F
0E
16
12
3E
7F
3F
9F
8F
8F
8F
8F
00
00
00
00
00
00
00
00
00
00
00
00
00
00
00
00
00
00
00
00
00
00
00
00
00
00
00
00
00
00
00
00
00
00
3C
1C
3E
BE
1F
5E
7E
2C
24
FE
FE
7E
FE
FF
FF
FF
EF
8F
8E
1E
0A
4E
7E
7F
BF
BF
9F
8F
8F
8F
87
00
00
00
00
00
00
00
00
00
00
00
00
00
00
00
00
00
00
00
00
00
00
00
00
00
00
00
00
00
00
00
00
3E
3E
3C
3C
1C
1C
1A
00
54
7C
FC
FC
7E
7A
7E
FF
FF
FF
AF
8F
04
04
0A
7E
7F
FF
BF
8F
87
87
8F
87
00
00
00
00
00
00
00
00
00
00
00
00
00
00
00
00
00
00
00
00
00
00
00
00
00
00
00
00
00
00
00
7E
3E
3C
3C
3D
1D
18
08
10
5C
7C
FC
FC
78
60
FA
F3
FF
E7
87
86
04
04
5C
7E
7E
FF
FF
A7
87
87
87
87
87
00
00
00
00
00
00
00
00
00
00
00
00
00
00
00
00
00
00
00
00
00
00
00
00
00
00
00
00
00
00
7C
7C
3C
BF
3F
19
98
88
C8
DC
FC
F8
F8
70
F0
F8
FA
FB
F3
E7
E7
C4
44
6C
7C
FF
FB
FB
F7
C7
87
87
87
87
87
00
00
00
00
00
00
00
00
00
00
00
00
00
00
00
00
00
00
00
00
00
00
00
00
00
00
00
00
00
7C
7C
7F
BF
3F
9F
DF
8D
EC
DC
F8
F8
F8
70
F0
F8
F8
FB
F3
E3
E7
E4
64
6C
7C
FE
FB
FB
E7
E7
E7
87
87
87
87
87
00
00
00
00
00
00
00
00
00
00
00
00
00
00
00
00
00
00
00
00
00
00
00
00
00
00
00
00
7C
7C
FF
FF
BF
8F
CF
DF
C0
C0
E0
E0
E0
F0
F0
F8
F0
E3
E3
E7
E7
64
60
60
78
FD
FB
F3
E3
E7
E7
87
87
87
87
87
00
00
00
00
00
00
00
00
00
00
00
00
00
00
00
00
00
00
00
00
00
00
00
00
00
00
00
00
7C
7C
FF
BF
9F
87
CF
85
C1
C0
C0
E0
E0
60
F0
F8
F1
E1
E3
E3
E0
60
60
60
F8
F8
FB
F3
E3
E3
E7
87
87
87
87
87
87
00
00
00
00
00
00
00
00
00
00
00
00
00
00
00
00
00
00
00
00
00
00
00
00
00
00
00
7C
7C
FF
BF
9F
81
C7
81
C1
00
40
E0
60
60
F0
F9
F1
E0
E1
E1
E0
60
60
70
F8
F8
78
70
62
A3
A3
87
87
87
87
87
87
00
00
00
00
00
00
00
00
00
00
00
00
00
00
00
00
00
00
00
00
00
00
00
00
00
00
00
7C
7C
FF
BB
93
87
83
81
C1
00
00
E0
70
20
F1
F9
F0
E0
E0
E1
F0
60
60
78
F8
F8
70
60
72
F3
B3
A7
87
87
87
87
87
87
00
00
00
00
00
00
00
00
00
00
00
00
00
00
00
00
00
00
00
00
00
00
00
00
00
00
7C
7E
FF
BF
9F
87
83
83
81
00
00
C0
F8
30
70
F9
F1
A0
80
E0
F0
70
60
60
F8
F8
70
70
60
FB
BB
B7
87
87
87
87
87
87
00
00
00
00
00
00
00
00
00
00
00
00
00
00
00
00
00
00
00
00
00
00
00
00
00
00
78
7E
FF
BF
9F
87
83
83
81
00
00
48
F8
30
70
79
F1
B0
80
80
90
F0
F0
F8
F8
78
70
70
FF
FF
BB
9B
87
87
87
8F
87
87
00
00
00
00
00
00
00
00
00
00
00
00
00
00
00
00
00
00
00
00
00
00
00
00
00
00
78
7E
BF
BF
97
87
83
83
81
80
04
C0
F8
74
70
79
79
B1
E0
00
00
D0
F0
F8
78
78
70
70
78
FF
BB
83
C7
87
87
87
87
87
00
00
00
00
00
00
00
00
00
00
00
00
00
00
00
00
00
00
00
00
00
00
00
00
00
00
78
7F
BF
FF
97
87
83
83
83
C4
84
C8
F8
FC
70
FA
FB
FD
F5
C0
40
60
70
70
70
60
70
78
7D
FF
BF
83
C7
87
87
8F
83
83
00
00
00
00
00
00
00
00
00
00
00
00
00
00
00
00
00
00
00
00
00
00
00
00
00
00
78
7E
FF
FF
97
87
83
83
83
C5
C4
C0
E8
F0
70
FA
FA
FF
FF
ED
E0
68
78
70
70
70
70
7C
FB
BB
BB
83
C7
87
C7
83
83
83
00
00
00
00
00
00
00
00
00
00
00
00
00
00
00
00
00
00
00
00
00
00
00
00
00
00
7C
FF
FF
BB
87
87
87
83
83
C1
81
81
C0
C0
60
F0
FA
F2
E7
F5
E4
60
68
78
78
78
78
7C
FF
FB
FB
83
C3
87
87
83
83
00
00
00
00
00
00
00
00
00
00
00
00
00
00
00
00
00
00
00
00
00
00
00
00
00
00
00
7C
FF
FB
FB
87
87
87
83
83
81
01
01
80
80
00
00
FB
F3
E1
E0
60
60
60
68
78
78
78
7C
FF
BF
FB
83
C3
83
C3
83
83
00
00
00
00
00
00
00
00
00
00
00
00
00
00
00
00
00
00
00
00
00
00
00
00
00
00
00
7C
7F
FF
FB
A3
83
83
83
03
01
01
01
01
00
00
00
99
D1
51
00
00
20
30
18
18
18
58
7D
FF
BB
A3
83
83
83
C3
83
83
00
00
00
00
00
00
00
00
00
00
00
00
00
00
00
00
00
00
00
00
00
00
00
00
00
00
00
7C
FB
FB
FB
A3
87
83
C3
03
03
03
03
01
19
00
00
11
11
50
00
00
10
18
18
18
18
58
78
FF
BB
A3
83
87
83
C7
83
83
87
00
00
00
00
00
00
00
00
00
00
00
00
00
00
00
00
00
00
00
00
00
00
00
00
00
00
78
7A
7B
FB
A7
87
83
C3
42
66
2E
3F
1F
9F
9D
9D
09
18
10
10
38
1C
1C
18
18
18
18
78
FF
3B
B3
83
87
83
87
83
83
00
00
00
00
00
00
00
00
00
00
00
00
00
00
00
00
00
00
00
00
00
00
00
00
00
00
00
78
78
7B
FB
FF
A7
83
43
46
66
2E
BE
BF
FF
DF
CF
0E
0A
0A
1C
3E
3E
DF
BF
BC
5C
1C
78
FF
3B
B7
87
83
83
87
83
83
00
00
00
00
00
00
00
00
00
00
00
00
00
00
00
00
00
00
00
00
00
00
00
00
00
00
00
78
78
FB
FF
FF
A3
C3
42
46
66
FE
FF
FF
FF
FF
E7
06
00
0C
3E
3E
7F
FF
7F
3C
0C
0C
78
FF
FF
B7
AF
83
87
83
83
83
00
00
00
00
00
00
00
00
00
00
00
00
00
00
00
00
00
00
00
00
00
00
00
00
00
00
00
78
78
FB
FF
FF
A3
80
00
C0
FE
FF
FF
FF
63
E7
E7
06
00
4C
FE
BE
BE
FF
FF
EC
E4
20
78
FF
FF
B7
AF
83
C7
83
83
83
00
00
00
00
00
00
00
00
00
00
00
00
00
00
00
00
00
00
00
00
00
00
00
00
00
00
00
78
78
F9
FB
FB
E3
80
00
C0
FC
FD
FF
EB
62
63
62
66
04
7C
FE
BC
BD
FF
FF
60
EC
60
78
7B
FF
FF
E7
83
C7
83
83
C3
00
00
00
00
00
00
00
00
00
00
00
00
00
00
00
00
00
00
00
00
00
00
00
00
00
00
00
78
78
F9
FB
F3
A3
80
00
C0
F9
F8
E0
60
62
63
E2
74
24
7D
FF
B8
80
C2
E3
F5
E4
60
70
78
FF
FF
E3
C3
C7
C3
C3
00
00
00
00
00
00
00
00
00
00
00
00
00
00
00
00
00
00
00
00
00
00
00
00
00
00
00
00
00
00
78
FB
F3
A3
A1
81
81
C9
50
00
00
60
73
F2
3C
24
7D
FD
B9
80
00
40
F0
F0
60
60
78
FB
FB
F3
C3
C3
C3
C3
00
00
00
00
00
00
00
00
00
00
00
00
00
00
00
00
00
00
00
00
00
00
00
00
00
00
00
00
00
00
78
FB
FB
F3
A5
85
81
09
00
00
40
70
72
74
3C
24
7D
F9
B9
81
00
40
70
70
70
70
78
FB
FB
B3
C7
C3
C3
C3
00
00
00
00
FC
00
00
00
00
00
00
00
00
00
00
00
00
00
00
00
00
00
00
00
00
00
00
00
00
00
78
7A
FB
B3
87
85
81
80
80
C0
50
78
78
BC
3C
14
7F
FB
B9
A5
40
40
68
78
30
30
78
FB
FB
B3
C3
C3
C3
00
00
00
00
00
00
00
00
00
00
00
00
00
00
00
00
00
00
00
00
00
00
00
00
00
00
00
00
00
00
00
78
78
BB
B7
97
87
82
83
CD
DC
48
68
78
FC
FC
7C
7F
FF
BB
A0
04
44
68
78
78
3C
78
FB
BB
B3
83
83
00
00
00
00
00
00
00
00
00
00
00
00
00
00
00
00
00
00
00
00
00
00
00
00
00
00
00
00
00
00
00
00
78
78
7B
FF
B7
87
87
87
85
44
40
00
78
FF
BC
14
59
FF
BF
80
04
44
5C
78
7C
7C
78
FB
FB
B3
83
00
00
00
00
00
00
00
00
00
00
00
00
00
00
00
00
00
00
00
00
00
00
00
00
00
00
00
00
00
00
00
00
00
7C
7E
FB
FF
BF
87
87
87
01
00
00
00
7F
FD
38
00
00
FB
FF
80
00
00
50
7C
7C
7C
78
FB
FF
83
83
00
00
00
00
00
00
00
00
00
00
00
00
00
00
00
00
00
00
00
00
00
00
00
00
00
00
00
00
00
00
00
00
00
7C
7F
FF
FF
AF
87
87
87
00
00
00
3C
3D
39
18
00
00
FB
FF
B7
00
00
58
7C
7C
7C
78
FB
FF
93
83
00
00
00
00
00
00
00
00
00
00
00
00
00
00
00
00
00
00
00
00
00
00
00
00
00
00
00
00
00
00
00
00
00
78
7C
3B
BF
83
83
87
87
02
00
04
3C
BF
FB
FC
40
7E
FB
FF
B7
00
00
08
58
7C
7C
7C
FB
FF
93
83
00
00
00
00
00
00
00
00
00
00
00
00
00
00
00
00
00
00
00
00
00
00
00
00
00
00
00
00
00
00
00
00
00
78
78
3B
BF
93
83
C7
07
02
04
2C
3C
FE
FE
FC
FC
FF
FF
FB
FF
84
00
08
58
78
7C
7D
FB
FF
83
83
00
00
00
00
00
00
00
00
00
00
00
00
00
00
00
00
00
00
00
00
00
00
00
00
00
00
00
00
00
00
00
00
00
78
78
7B
BF
BF
83
83
02
00
04
7C
FF
FF
BF
10
04
04
7B
FB
E7
85
04
08
18
78
78
7D
FB
FF
83
83
00
00
00
00
00
00
00
00
00
00
00
00
00
00
00
00
00
00
00
00
00
00
00
00
00
00
00
00
00
00
00
00
00
78
FF
FF
FF
BF
A3
83
02
00
44
7C
3D
3F
19
00
00
00
12
93
97
87
84
00
08
78
78
7D
FB
BB
83
83
00
00
00
00
00
00
00
00
00
00
00
00
00
00
00
00
00
00
00
00
00
00
00
00
00
00
00
00
00
00
00
00
00
7C
FF
FF
FF
AF
A3
82
00
04
7C
7C
3C
38
00
00
00
10
18
9B
9F
97
84
44
08
78
7C
FF
FB
BB
83
83
00
00
00
00
00
00
00
00
00
00
00
00
00
00
00
00
00
00
00
00
00
00
00
00
00
00
00
00
00
00
00
00
00
7C
78
FF
F7
A3
A3
82
04
04
7C
7C
7E
7F
7E
74
3C
3C
3A
BB
BB
97
C4
44
00
78
7C
FF
FF
BB
83
00
00
00
00
00
00
00
00
00
00
00
00
00
00
00
00
00
00
00
00
00
00
00
00
00
00
00
00
00
00
00
00
00
00
00
78
78
FF
B3
A3
82
84
04
5C
FE
FF
FF
FE
FE
FE
FE
FF
FF
FF
FB
00
44
00
3C
7C
FF
FF
BB
83
00
00
00
00
00
00
00
00
00
00
00
00
00
00
00
00
00
00
00
00
00
00
00
00
00
00
00
00
00
00
00
00
00
00
00
00
78
FF
F7
B3
80
04
00
D8
FE
FE
FE
FE
EE
FE
FE
FF
FF
FF
E3
00
44
04
3C
7C
FF
BF
93
83
00
00
00
00
00
00
00
00
00
00
00
00
00
00
00
00
00
00
00
00
00
00
00
00
00
00
00
00
00
00
00
00
00
00
00
00
78
FF
FF
B7
87
00
00
10
D8
78
F0
70
E4
E4
E4
E7
E7
E3
22
00
00
0C
7C
7D
FF
BB
83
83
00
00
00
00
00
00
00
00
00
00
00
00
00
00
00
00
00
00
00
00
00
00
00
00
00
00
00
00
00
00
00
00
00
00
00
00
7C
FF
FF
B7
27
04
04
09
99
18
00
00
70
F1
30
00
03
E3
22
00
00
3C
7C
BD
BF
BB
83
83
00
00
00
00
00
00
00
00
00
00
00
00
00
00
00
00
00
00
00
00
00
00
00
00
00
00
00
00
00
00
00
00
00
00
00
00
78
78
FF
F7
27
04
04
08
98
58
10
30
30
70
70
30
32
73
72
14
04
3C
3C
BF
BF
FB
C3
C3
00
00
00
00
00
00
00
FD
00
00
00
00
00
00
00
00
00
00
00
00
00
00
00
00
00
00
00
00
00
00
00
00
00
00
00
00
78
78
7B
F7
37
07
8D
0D
18
18
10
18
78
78
78
70
7A
3A
3E
14
1C
3C
1C
BF
FF
DB
C3
00
00
00
00
00
00
00
00
00
00
00
00
00
00
00
00
00
00
00
00
00
00
00
00
00
00
00
00
00
00
00
00
00
00
00
00
00
78
78
7B
7F
77
07
0F
0F
0A
0C
04
9C
FE
FF
7C
7C
7E
3A
3C
3C
1C
1C
BD
BF
FF
C3
C3
00
00
00
00
00
00
00
00
00
00
00
00
00
00
00
00
00
00
00
00
00
00
00
00
00
00
00
00
00
00
00
00
00
00
00
00
00
00
78
FB
7F
7F
47
2F
2E
00
88
9C
9C
D8
58
78
7C
7E
3A
3C
3C
1C
9C
BD
FF
DB
C3
C3
00
00
00
00
00
00
00
00
00
00
00
00
00
00
00
00
00
00
00
00
00
00
00
00
00
00
00
00
00
00
00
00
00
00
00
00
00
00
38
FA
5A
7F
7F
6F
2E
2E
0D
9D
9D
88
00
00
74
7E
3E
3C
3E
1C
DD
FF
FF
C3
C3
00
00
00
00
00
00
00
00
00
00
00
00
00
00
00
00
00
00
00
00
00
00
00
00
00
00
00
00
00
00
00
00
00
00
00
00
00
00
00
3C
DA
9A
7E
7F
7F
6F
2F
2D
0D
01
00
00
00
10
1C
3E
1E
1C
DD
FD
FF
BB
C3
C3
00
00
00
00
00
00
00
00
00
00
BC
00
00
00
00
00
00
00
00
00
00
00
00
00
00
00
00
00
00
00
00
00
00
00
00
00
00
3C
1C
1C
98
98
10
7E
7F
7F
6F
6F
2F
09
00
00
00
18
1C
1E
9E
7C
FD
FF
FF
83
83
00
00
00
00
00
00
00
00
00
00
00
3C
00
00
00
00
00
00
00
00
00
00
00
00
00
00
00
00
00
00
00
00
00
00
00
00
00
3C
BF
FF
9D
99
98
90
40
FE
FF
7F
6F
6F
7F
3E
1C
1C
1C
9C
FF
FE
7D
FD
FF
EB
83
00
00
00
00
00
00
00
00
00
00
00
00
00
00
00
00
00
00
00
00
00
00
00
00
00
00
00
00
00
00
00
00
00
00
00
00
00
00
3C
FF
FF
9F
89
88
80
00
C0
FE
FF
FF
FF
7F
7E
7E
7E
FE
FF
FF
FC
78
61
FF
E3
83
00
00
00
00
00
00
00
00
00
00
00
FC
00
00
00
00
00
00
00
00
00
00
00
00
00
00
00
00
00
00
00
00
00
00
00
00
00
1C
1E
1F
FF
9F
81
81
80
80
00
D8
F2
F6
FE
FE
FE
FE
FF
FF
FF
FD
68
60
63
FB
FB
83
00
00
00
00
00
00
00
00
00
00
00
1E
18
00
00
00
00
00
00
00
00
00
00
00
00
00
00
00
00
00
00
00
00
00
00
00
00
00
00
00
00
00
00
00
00
00
00
00
00
00
00
00
00
00
00
00
00
00
00
00
00
00
00
00
00
00
00
00
00
00
00
00
00
00
00
00
00
00
00
00
00
00
00
00
00
00
00
00
00
00
00
00
00
00
00
00
00
00
00
00
00
00
00
00
00
00
00
00
00
00
00
00
00
00
00
00
00
00
00
00
00
00
00
00
00
00
00
00
00
00
00
00
00
00
00
00
00
00
00
00
00
00
00
00
00
00
00
00
00
00
00
00
00
00
00
00
00
00
00
00
00
00
00
00
00
00
00
00
00
00
00
00
00
00
00
00
00
00
00
00
00
00
00
00
00
00
00
00
00
00
00
00
00
00
00
00
00
00
00
00
00
00
00
00
00
00
00
00
